1		19.597508817		-83.959667892		3.00088		0.76315		0.00460		8.74432		-4.46921
2		11.083407489		-22.202102428		2.50031		0.13732		-0.14660	0.90066		0.0
3		11.925152758		-16.118762264		2.50002		2.04452		-1.06044	2.03366		0.01393
4		24.675437527		-77.425313760		3.00263		4.33939		1.23722		13.19740	-6.01989
5		31.602908195		-84.463284382		3.02939		6.60569		3.19700		19.19210	-8.37267
6		20.884143364		-91.638478026		3.33944		9.44893		6.89406		24.46180	14.78240
7		20.413726078		-94.467620036		3.06714		8.97575		5.25156		25.14230	16.13880
8		14.536611217		-89.919548319		3.00000		8.95043		21.83600	33.40320	0.0
9		15.449907693		-101.298172792		3.00000		11.76180	20.11010	33.16880	0.0
10		14.345969349		-96.165722367		3.00000		11.69770	26.81420	38.61640	0.0
11		15.063786601		-97.345252349		3.00000		13.72660	30.47070	43.55610	0.0
12		15.864687161		-97.370667555		3.00000		15.68650	33.80290	48.17310	0.0
13		16.313913248		-102.160247463		3.00000		18.02410	38.12350	53.34150	0.0
14		15.870791919		-108.858547525		3.00000		21.00690	43.49310	58.36570	0.0
15		13.796443393		-175.864487294		1.47906		0.95806		0.45444		1.56039		1.37560
16		10.001843586		-14.996095135		2.50146		1.07558		1.01334		0.0		0.0
17		10.813340744		-19.834733959		2.50055		1.02865		0.00493		0.0		0.0
18		8.203520690		-11.996306443		3.00392		0.01059		0.98763		3.06904		0.0
19		9.336197742		-16.266508995		3.00000		3.11942		1.00243		0.0		0.0
20		13.628409737		-143.470759602		1.50000		0.0		0.0		0.0		0.0
21		8.316631500		-4.946502600		1.50000		0.0		0.0		0.0		0.0
