1	4.306474465 0.936220902 5.577233895 5.722644361
2	5.251822620 -5.393067706 13.788988208 0.0
3	3.022758166 -2.844425476 1.589964364 1.121596090
4	1.831882406 0.731306621 3.378007481 3.508721939
5	1.297521801 0.543210978 2.583146083 2.777773271
6	1.101487798 0.431957660 4.502440459 2.124516319
7	1.074673199 0.485556021 4.671261865 2.191583480
8	0.380391739 1.789520971 3.777411113 0.0
9	0.635392636 1.977271641 4.169371131 0.0
10	0.359036667 1.691951873 3.596924107 0.0
11	0.314348398 1.548136560 3.259326458 0.0
12	0.279143540 1.431644769 2.973845992 0.0
13	0.263819696 1.370586158 2.848860483 0.0
14	0.267034159 1.353835195 2.833479035 0.0
15	6.891654113 9.847634830 49.765290750 50.367279301
16	14.461722565 7.223325463 0.0 0.0
17	11.669802800 5.302762306 0.0 0.0
18	0.415386589 1.763895929 3.874803739 0.0
19	4.914580541 2.270653980 0.0 0.0 0.0
20	0.0 0.0 0.0 0.0
21	0.0 0.0 0.0 0.0
