1 2 -0.0098038985517335 0.00042487270143005 -0.034800214576142 -0.13333813013896 -0.011993694974627 0.069243379775168 -0.31022508148249 0.24495491753226 0.22369816716981
1 3 -0.10859387354942 0.80228576727389d-1 -0.93303985115717d-2 0.40989274005848d-1 -0.24338019772494 0.23855347281124
1 4 -0.00080926050298746 -0.00075381925080059 -0.041618768891219 -0.23452173681569 0.14003840584586 0.063281744807738 -0.034660425848809 -0.23918747334251 0.0019855255066891 6.1777746171555 -6.9575358271105 1.0630185306388
1 5 0.13746429958576d-1 -0.0074425012129552 -0.0045516600213685 -0.0054546603350237 0.0023682016824471 0.18007763721438 -0.44773942932486 0.019327374888200 -0.30632197804624
2 3 0.28661625028399 -0.10919833861247 -1.1374032082270 0.76580544237358 0.0042638000926819 0.17673538204534
2 4 -0.47376518126608 0.48961193461001 -0.0057011062090535 -0.19966820041320 -0.69411103101723 0.69226192739021
1 15 -0.25157134971934 -0.0062203841111983 0.088850315184396 -0.035592212573239
1 6 2.5574776844118 -7.9846357136353 4.7859131465806 -0.73265392369587 1.3805471345312 0.28349603476365 -0.49087385940425 -0.10291888921447 0.11836314681968 0.000055527385721943
1 7 2.5574776844118 -7.9846357136353 4.7859131465806 -0.73265392369587 1.3805471345312 0.28349603476365 -0.49087385940425 -0.10291888921447 0.11836314681968 0.000055527385721943
4 5 2.5574776844118 -7.9846357136353 4.7859131465806 -0.73265392369587 1.3805471345312 0.28349603476365 -0.49087385940425 -0.10291888921447 0.11836314681968 0.000055527385721943
4 6 2.5574776844118 -7.9846357136353 4.7859131465806 -0.73265392369587 1.3805471345312 0.28349603476365 -0.49087385940425 -0.10291888921447 0.11836314681968 0.000055527385721943
4 7 2.5574776844118 -7.9846357136353 4.7859131465806 -0.73265392369587 1.3805471345312 0.28349603476365 -0.49087385940425 -0.10291888921447 0.11836314681968 0.000055527385721943
5 6 2.5574776844118 -7.9846357136353 4.7859131465806 -0.73265392369587 1.3805471345312 0.28349603476365 -0.49087385940425 -0.10291888921447 0.11836314681968 0.000055527385721943
5 7 2.5574776844118 -7.9846357136353 4.7859131465806 -0.73265392369587 1.3805471345312 0.28349603476365 -0.49087385940425 -0.10291888921447 0.11836314681968 0.000055527385721943
6 7 2.5574776844118 -7.9846357136353 4.7859131465806 -0.73265392369587 1.3805471345312 0.28349603476365 -0.49087385940425 -0.10291888921447 0.11836314681968 0.000055527385721943
