1 2	0.000 1.850 7.850 5.400 0.000 0.750 2.800 4.450 4.250
1 3	2.600 1.950 0.000 3.950 7.950 8.000
1 4	0.650 1.550 3.100 5.900 7.050 3.350 1.200 5.800 2.700 0.450 0.550 1.950
1 5	1.850 3.950 0.000 1.850 3.850 5.250 3.850 0.200 6.500
2 3	1.850 1.400 3.200 2.500 8.000 3.750
2 4	0.000 0.050 0.000 3.650 4.900 4.450
1 15	2.000 -1.000 1.750 1.400
1 6	1.000 1.550 1.700 0.250 1.350 0.000 1.250 0.000 0.700 5.400
1 7	1.000 1.550 1.700 0.250 1.350 0.000 1.250 0.000 0.700 5.400
4 5	1.000 1.550 1.700 0.250 1.350 0.000 1.250 0.000 0.700 5.400
4 6	1.000 1.550 1.700 0.250 1.350 0.000 1.250 0.000 0.700 5.400
4 7	1.000 1.550 1.700 0.250 1.350 0.000 1.250 0.000 0.700 5.400
5 6	1.000 1.550 1.700 0.250 1.350 0.000 1.250 0.000 0.700 5.400
5 7	1.000 1.550 1.700 0.250 1.350 0.000 1.250 0.000 0.700 5.400
6 7	1.000 1.550 1.700 0.250 1.350 0.000 1.250 0.000 0.700 5.400
