1	10.139342719	190.564 	16.04246
2	11.1839		126.192 	28.0134
3	10.624978698 	304.1282 	44.0095
4	6.870854540 	305.322		30.06904
5	5.000043088 	369.825		44.09562
6	3.920016792 	425.125		58.1222
7	3.860142940 	407.817		58.1222
8	3.215577588 	469.7		72.14878
9	3.271 		460.35		72.14878
10	2.705877875 	507.82		86.17536
11	2.315324434 	540.13		100.20194
12	2.056404127 	569.32		114.22852
13	1.81 		594.55		128.2551
14	1.64 		617.7		142.28168
15	14.94		33.19		2.01588
16	13.63 		154.595		31.9988
17	10.85		132.86		28.0101
18	17.873716090	647.096		18.01528
19	10.19		373.1		34.08088
20	17.399		5.1953		4.002602
21	13.407429659 	150.687 	39.948
