CH4		10.139342719	190.564 	16.04246
N2		11.1839		126.192 	28.0134
CO2		10.624978698 	304.1282 	44.0095
C2H6		6.870854540 	305.322		30.06904
C3H8		5.000043088 	369.825		44.09562
n-C4H10		3.920016792 	425.125		58.1222
i-C4H10		3.860142940 	407.817		58.1222
n-C5H12		3.215577588 	469.7		72.14878
i-C5H12		3.271 		460.35		72.14878
n-C6H14		2.705877875 	507.82		86.17536
n-C7H16		2.315324434 	540.13		100.20194
n-C8H18		2.056404127 	569.32		114.22852
n-C9H20		1.81 		594.55		128.2551
n-C10H22	1.64 		617.7		142.28168
H2		14.94		33.19		2.01588
O2		13.63 		154.595		31.9988
CO 		10.85		132.86		28.0101
H2O		17.873716090	647.096		18.01528
H2S		10.19		373.1		34.08088
He 		17.399		5.1953		4.002602
Ar 		13.407429659 	150.687 	39.948
