x y it p ki
0.01 0.04798775 1 229221.45538191777 4.7987749376719355
0.01 0.04797727 2 229221.45538191355 4.797726912462737
0.01 0.04797726 3 229221.4553819072 4.79772568103285
0.11888889 0.37533634 1 349314.53242854355 3.1570346541357615
0.11888889 0.37505177 2 349314.5324285374 3.1546410490513965
0.11888889 0.37504965 3 349314.53242852807 3.15462320905595
0.22777778 0.53954924 1 469407.6094751735 2.3687527483780295
0.22777778 0.53922746 2 469407.6094751735 2.3673400869070425
0.22777778 0.53922421 3 469407.6094751735 2.3673257971665342
0.33666667 0.644249 1 589500.6865217907 1.9136109003022845
0.33666667 0.64400216 2 589500.6865217715 1.912877688587486
0.33666667 0.64399923 3 589500.6865217426 1.9128689933938097
0.44555556 0.72216164 1 709593.7635684272 1.6208116625040758
0.44555556 0.7220213 2 709593.7635684272 1.620496676741428
0.44555556 0.7220194 3 709593.7635684272 1.6204924138140584
0.55444444 0.78631272 1 829686.8406150477 1.4181993015503078
0.55444444 0.7862745 2 829686.8406150354 1.4181303691062983
0.55444444 0.78627374 3 829686.8406150168 1.418128997174165
0.66333333 0.84252217 1 949779.917661681 1.2701339213767358
0.66333333 0.84256197 2 949779.917661681 1.2701939261595283
0.66333333 0.84256205 3 949779.917661681 1.2701940480252432
0.77222222 0.89351374 1 1069872.9947083078 1.1570681485735677
0.77222222 0.89359448 2 1069872.9947083078 1.1571727142171715
0.77222222 0.8935949 3 1069872.9947083078 1.157173248573952
0.88111111 0.94058862 1 1189966.071754927 1.0675028526376247
0.88111111 0.94066292 2 1189966.0717549117 1.0675871702013613
0.88111111 0.94066318 3 1189966.0717548886 1.067587470640808
0.99 0.98447189 1 1310059.1488015535 0.9944160488262195
0.99 0.98448129 2 1310059.1488015375 0.9944255436531615
