p x y
0.21729e+01 0.00000e+00 0.0000
0.21730e+01 0.19372e-08 0.0000
0.21730e+01 0.29058e-08 0.0000
0.21730e+01 0.41972e-08 0.0000
0.21730e+01 0.59191e-08 0.0000
0.21730e+01 0.82150e-08 0.0000
0.21730e+01 0.11276e-07 0.0000
0.21730e+01 0.15358e-07 0.0000
0.21730e+01 0.20800e-07 0.0000
0.21730e+01 0.28056e-07 0.0000
0.21730e+01 0.37731e-07 0.0000
0.21730e+01 0.50631e-07 0.0000
0.21730e+01 0.67831e-07 0.0000
0.21730e+01 0.90764e-07 0.0000
0.21730e+01 0.12134e-06 0.0000
0.21730e+01 0.16211e-06 0.0000
0.21730e+01 0.21647e-06 0.0000
0.21730e+01 0.28895e-06 0.0000
0.21730e+01 0.38559e-06 0.0000
0.21730e+01 0.51445e-06 0.0000
0.21730e+01 0.68625e-06 0.0000
0.21730e+01 0.91533e-06 0.0000
0.21730e+01 0.12208e-05 0.0000
0.21730e+01 0.16280e-05 0.0000
0.21730e+01 0.21710e-05 0.0000
0.21730e+01 0.28950e-05 0.0000
0.21730e+01 0.38604e-05 0.0000
0.21730e+01 0.51475e-05 0.0000
0.21730e+01 0.68637e-05 0.0000
0.21730e+01 0.91521e-05 0.0000
0.21731e+01 0.12203e-04 0.0001
0.21731e+01 0.16272e-04 0.0001
0.21732e+01 0.21697e-04 0.0001
0.21732e+01 0.28930e-04 0.0001
0.21733e+01 0.38576e-04 0.0002
0.21735e+01 0.51438e-04 0.0003
0.21736e+01 0.68591e-04 0.0004
0.21738e+01 0.91466e-04 0.0005
0.21741e+01 0.12198e-03 0.0006
0.21745e+01 0.16267e-03 0.0008
0.21751e+01 0.21696e-03 0.0011
0.21758e+01 0.28939e-03 0.0015
0.21767e+01 0.38605e-03 0.0020
0.21779e+01 0.51509e-03 0.0027
0.21796e+01 0.68741e-03 0.0035
0.21818e+01 0.91768e-03 0.0047
0.21848e+01 0.12256e-02 0.0063
0.21888e+01 0.16377e-02 0.0084
0.21942e+01 0.21900e-02 0.0112
0.22013e+01 0.29315e-02 0.0149
0.22110e+01 0.39294e-02 0.0199
0.22240e+01 0.52664e-02 0.0266
0.22414e+01 0.70607e-02 0.0354
0.22648e+01 0.94739e-02 0.0470
0.22964e+01 0.12729e-01 0.0623
0.23284e+01 0.16028e-01 0.0774
0.23718e+01 0.20494e-01 0.0972
0.24160e+01 0.25039e-01 0.1167
0.24403e+01 0.27534e-01 0.1271
0.24730e+01 0.30898e-01 0.1408
0.25174e+01 0.35450e-01 0.1588
0.25682e+01 0.40664e-01 0.1786
0.26201e+01 0.45978e-01 0.1981
0.26730e+01 0.51393e-01 0.2172
0.27270e+01 0.56912e-01 0.2360
0.27821e+01 0.62536e-01 0.2544
0.28383e+01 0.68267e-01 0.2724
0.28957e+01 0.74108e-01 0.2901
0.29542e+01 0.80059e-01 0.3074
0.30138e+01 0.86123e-01 0.3244
0.30747e+01 0.92302e-01 0.3411
0.31368e+01 0.98599e-01 0.3574
0.32002e+01 0.10501e+00 0.3735
0.32649e+01 0.11155e+00 0.3892
0.33308e+01 0.11821e+00 0.4046
0.33981e+01 0.12499e+00 0.4197
0.34667e+01 0.13191e+00 0.4346
0.35368e+01 0.13895e+00 0.4491
0.36082e+01 0.14612e+00 0.4634
0.36811e+01 0.15343e+00 0.4774
0.37555e+01 0.16087e+00 0.4911
0.38313e+01 0.16846e+00 0.5046
0.39087e+01 0.17618e+00 0.5178
0.39877e+01 0.18405e+00 0.5308
0.40683e+01 0.19206e+00 0.5435
0.41504e+01 0.20022e+00 0.5560
0.42343e+01 0.20853e+00 0.5682
0.43198e+01 0.21699e+00 0.5802
0.44071e+01 0.22561e+00 0.5920
0.44961e+01 0.23439e+00 0.6035
0.45869e+01 0.24332e+00 0.6149
0.46796e+01 0.25242e+00 0.6260
0.47741e+01 0.26169e+00 0.6369
0.48706e+01 0.27112e+00 0.6476
0.49690e+01 0.28072e+00 0.6581
0.50694e+01 0.29050e+00 0.6684
0.51718e+01 0.30045e+00 0.6785
0.52762e+01 0.31058e+00 0.6885
0.53293e+01 0.31571e+00 0.6934
0.54369e+01 0.32611e+00 0.7030
0.54916e+01 0.33138e+00 0.7078
0.56025e+01 0.34206e+00 0.7172
0.56588e+01 0.34747e+00 0.7218
0.57731e+01 0.35843e+00 0.7309
0.58312e+01 0.36399e+00 0.7355
0.59489e+01 0.37524e+00 0.7443
0.60087e+01 0.38094e+00 0.7487
0.61301e+01 0.39249e+00 0.7574
0.61917e+01 0.39834e+00 0.7616
0.63168e+01 0.41019e+00 0.7700
0.63803e+01 0.41619e+00 0.7742
0.65092e+01 0.42834e+00 0.7824
0.65746e+01 0.43450e+00 0.7864
0.67074e+01 0.44697e+00 0.7944
0.67748e+01 0.45329e+00 0.7983
0.69117e+01 0.46607e+00 0.8061
0.69812e+01 0.47255e+00 0.8099
0.71222e+01 0.48566e+00 0.8174
0.71938e+01 0.49230e+00 0.8212
0.73391e+01 0.50574e+00 0.8285
0.74128e+01 0.51255e+00 0.8322
0.75626e+01 0.52632e+00 0.8393
0.76386e+01 0.53329e+00 0.8429
0.77929e+01 0.54741e+00 0.8499
0.78712e+01 0.55455e+00 0.8533
0.80302e+01 0.56901e+00 0.8601
0.81109e+01 0.57632e+00 0.8635
0.82748e+01 0.59113e+00 0.8701
0.83580e+01 0.59862e+00 0.8734
0.85268e+01 0.61377e+00 0.8799
0.86125e+01 0.62144e+00 0.8831
0.87865e+01 0.63695e+00 0.8894
0.88748e+01 0.64479e+00 0.8926
0.90541e+01 0.66066e+00 0.8988
0.91451e+01 0.66868e+00 0.9018
0.93298e+01 0.68490e+00 0.9078
0.94236e+01 0.69310e+00 0.9108
0.96139e+01 0.70968e+00 0.9167
0.97106e+01 0.71806e+00 0.9197
0.99067e+01 0.73500e+00 0.9254
0.10006e+02 0.74355e+00 0.9283
0.10208e+02 0.76084e+00 0.9339
0.10311e+02 0.76958e+00 0.9367
0.10519e+02 0.78722e+00 0.9423
0.10625e+02 0.79613e+00 0.9450
0.10840e+02 0.81412e+00 0.9504
0.10949e+02 0.82321e+00 0.9531
0.11170e+02 0.84154e+00 0.9584
0.11282e+02 0.85079e+00 0.9611
0.11510e+02 0.86945e+00 0.9663
0.11626e+02 0.87886e+00 0.9689
0.11861e+02 0.89784e+00 0.9740
0.11980e+02 0.90741e+00 0.9766
0.12222e+02 0.92670e+00 0.9816
0.12345e+02 0.93641e+00 0.9841
0.12510e+02 0.94944e+00 0.9875
0.12622e+02 0.95817e+00 0.9897
0.12772e+02 0.96986e+00 0.9926
0.12874e+02 0.97769e+00 0.9945
0.13010e+02 0.98817e+00 0.9971
0.13049e+02 0.99113e+00 0.9978
0.13100e+02 0.99507e+00 0.9988
0.13133e+02 0.99754e+00 0.9994
0.13149e+02 0.99877e+00 0.9997
0.13162e+02 0.10000e+01 1.0000
