p x y
0.16964e+02 0.00000e+00 0.0000
0.16963e+02 0.41993e-08 0.0000
0.16963e+02 0.62989e-08 0.0000
0.16963e+02 0.90985e-08 0.0000
0.16963e+02 0.12831e-07 0.0000
0.16963e+02 0.17808e-07 0.0000
0.16963e+02 0.24444e-07 0.0000
0.16963e+02 0.33292e-07 0.0000
0.16963e+02 0.45089e-07 0.0000
0.16963e+02 0.60819e-07 0.0000
0.16963e+02 0.81792e-07 0.0000
0.16963e+02 0.10976e-06 0.0000
0.16963e+02 0.14704e-06 0.0000
0.16963e+02 0.19675e-06 0.0000
0.16963e+02 0.26304e-06 0.0000
0.16963e+02 0.35142e-06 0.0000
0.16963e+02 0.46926e-06 0.0000
0.16963e+02 0.62638e-06 0.0000
0.16963e+02 0.83587e-06 0.0000
0.16963e+02 0.11152e-05 0.0000
0.16963e+02 0.14876e-05 0.0000
0.16963e+02 0.19842e-05 0.0000
0.16963e+02 0.26463e-05 0.0000
0.16963e+02 0.35291e-05 0.0000
0.16963e+02 0.47062e-05 0.0000
0.16963e+02 0.62757e-05 0.0000
0.16963e+02 0.83683e-05 0.0000
0.16963e+02 0.11159e-04 0.0000
0.16964e+02 0.14879e-04 0.0000
0.16964e+02 0.19840e-04 0.0000
0.16964e+02 0.26454e-04 0.0001
0.16964e+02 0.35274e-04 0.0001
0.16965e+02 0.47034e-04 0.0001
0.16965e+02 0.62716e-04 0.0001
0.16966e+02 0.83627e-04 0.0002
0.16967e+02 0.11151e-03 0.0003
0.16968e+02 0.14870e-03 0.0004
0.16970e+02 0.19830e-03 0.0005
0.16972e+02 0.26445e-03 0.0006
0.16975e+02 0.35270e-03 0.0008
0.16980e+02 0.47044e-03 0.0011
0.16985e+02 0.62755e-03 0.0015
0.16992e+02 0.83727e-03 0.0020
0.17002e+02 0.11173e-02 0.0027
0.17015e+02 0.14915e-02 0.0035
0.17033e+02 0.19916e-02 0.0047
0.17056e+02 0.26610e-02 0.0063
0.17088e+02 0.35576e-02 0.0084
0.17130e+02 0.47610e-02 0.0112
0.17186e+02 0.63793e-02 0.0150
0.17263e+02 0.85624e-02 0.0201
0.17366e+02 0.11486e-01 0.0268
0.17503e+02 0.15405e-01 0.0357
0.17689e+02 0.20671e-01 0.0475
0.17939e+02 0.27762e-01 0.0630
0.18108e+02 0.32535e-01 0.0733
0.18335e+02 0.38956e-01 0.0868
0.18643e+02 0.47617e-01 0.1046
0.18830e+02 0.52876e-01 0.1152
0.19083e+02 0.59954e-01 0.1291
0.19425e+02 0.69510e-01 0.1474
0.19621e+02 0.74944e-01 0.1576
0.19818e+02 0.80421e-01 0.1677
0.20218e+02 0.91507e-01 0.1877
0.20421e+02 0.97115e-01 0.1975
0.20834e+02 0.10846e+00 0.2169
0.21043e+02 0.11420e+00 0.2265
0.21468e+02 0.12582e+00 0.2454
0.21684e+02 0.13170e+00 0.2547
0.22122e+02 0.14358e+00 0.2731
0.22345e+02 0.14959e+00 0.2822
0.22796e+02 0.16175e+00 0.3001
0.23025e+02 0.16790e+00 0.3089
0.23490e+02 0.18034e+00 0.3264
0.23726e+02 0.18663e+00 0.3350
0.24206e+02 0.19934e+00 0.3520
0.24449e+02 0.20577e+00 0.3604
0.24943e+02 0.21877e+00 0.3770
0.25193e+02 0.22534e+00 0.3852
0.25702e+02 0.23862e+00 0.4013
0.25961e+02 0.24533e+00 0.4093
0.26485e+02 0.25890e+00 0.4250
0.26751e+02 0.26575e+00 0.4328
0.27292e+02 0.27961e+00 0.4481
0.27566e+02 0.28661e+00 0.4557
0.28123e+02 0.30075e+00 0.4707
0.28405e+02 0.30789e+00 0.4781
0.28979e+02 0.32232e+00 0.4927
0.29271e+02 0.32961e+00 0.4999
0.29862e+02 0.34433e+00 0.5141
0.30162e+02 0.35176e+00 0.5211
0.30771e+02 0.36677e+00 0.5350
0.31080e+02 0.37435e+00 0.5419
0.31708e+02 0.38964e+00 0.5554
0.32027e+02 0.39736e+00 0.5621
0.32674e+02 0.41294e+00 0.5754
0.33002e+02 0.42080e+00 0.5819
0.33669e+02 0.43667e+00 0.5948
0.34007e+02 0.44467e+00 0.6012
0.34694e+02 0.46081e+00 0.6139
0.35043e+02 0.46895e+00 0.6201
0.35751e+02 0.48537e+00 0.6324
0.36110e+02 0.49365e+00 0.6386
0.36840e+02 0.51034e+00 0.6506
0.37210e+02 0.51875e+00 0.6566
0.37962e+02 0.53571e+00 0.6684
0.38343e+02 0.54425e+00 0.6742
0.39118e+02 0.56146e+00 0.6858
0.39511e+02 0.57014e+00 0.6915
0.40309e+02 0.58760e+00 0.7028
0.40714e+02 0.59640e+00 0.7084
0.41537e+02 0.61412e+00 0.7195
0.41954e+02 0.62304e+00 0.7249
0.42802e+02 0.64100e+00 0.7358
0.43232e+02 0.65005e+00 0.7411
0.44105e+02 0.66826e+00 0.7517
0.44549e+02 0.67744e+00 0.7569
0.45449e+02 0.69593e+00 0.7672
0.45905e+02 0.70525e+00 0.7723
0.46833e+02 0.72407e+00 0.7822
0.47303e+02 0.73360e+00 0.7871
0.48259e+02 0.75294e+00 0.7965
0.48744e+02 0.76283e+00 0.8009
0.49398e+02 0.77640e+00 0.8065
0.49839e+02 0.78587e+00 0.8098
0.50135e+02 0.79257e+00 0.8116
0.50334e+02 0.79738e+00 0.8124
0.50467e+02 0.80088e+00 0.8127
0.50597e+02 0.80489e+00 0.8124
0.50665e+02 0.80773e+00 0.8115
0.50682e+02 0.80891e+00 0.8108
0.50687e+02 0.80944e+00 0.8104
0.50688e+02 0.80993e+00 0.8099
