1	1 1 2 2 4 4 1 1 1 2 3 6 2 3 3 4 4 2 3 4 5 6 6 7
2	1 1 2 2 4 4 1 1 1 2 3 6 2 3 3 4 4 2 3 4 5 6 6 7
3	1 1 2 3 3 3 4 5 6 6 1 4 1 1 3 3 4 5 5 5 5 5
4	1 1 2 2 4 4 1 1 1 2 3 6 2 3 3 4 4 2 3 4 5 6 6 7
5	1 1 1 2 3 7 2 5 1 4 3 4
6	1 1 1 2 3 7 2 5 1 4 3 4
7	1 1 1 2 3 7 2 5 1 4 3 4
8	1 1 1 2 3 7 2 5 1 4 3 4
9	1 1 1 2 3 7 2 5 1 4 3 4
10	1 1 1 2 3 7 2 5 1 4 3 4
11	1 1 1 2 3 7 2 5 1 4 3 4
12	1 1 1 2 3 7 2 5 1 4 3 4
13	1 1 1 2 3 7 2 5 1 4 3 4
14	1 1 1 2 3 7 2 5 1 4 3 4
15	1 1 2 2 4 1 5 5 5 1 1 2 5 1
16	1 1 1 2 3 7 2 5 1 4 3 4
17	1 1 1 2 3 7 2 5 1 4 3 4
18	1 1 1 2 2 3 4 1 5 5 1 2 4 4 1 1
19	1 1 1 2 3 7 2 5 1 4 3 4
20	1 1 1 4 1 3 5 5 5 2 1 2
21	1 1 1 2 3 7 2 5 1 4 3 4
