1	0.57335704239162 -1.6760687523730 0.23405291834916 -0.21947376343441 0.016369201404128 0.015004406389280 0.098990489492918 0.58382770929055 -0.74786867560390 0.30033302857974 0.20985543806568 -0.018590151133061 -0.15782558339049 0.12716735220791 -0.032019743894346 -0.068049729364536 0.024291412853736 0.0051440451639444 -0.019084949733532 0.0055229677241291 -0.0044197392976085 0.040061416708429 -0.033752085907575 -0.0025127658213357
2	0.59889711801201 -1.6941557480731 0.24579736191718 -0.23722456755175 0.017954918715141 0.014592875720215 0.10008065936206 0.73157115385532 -0.88372272336366 0.31887660246708 0.20766491728799 -0.019379315454158 -0.16936641554983 0.13546846041701 -0.033066712095307 -0.060690817018557 0.012797548292871 0.0058743664107299 -0.018451951971969 0.0047226622042472 -0.0052024079680599 0.043563505956635 -0.036251690750939 -0.0028974026866543
3	0.52646564804653 -1.14995725042592 0.27329786733782 0.12949500022786 0.15404088341841 -0.58186950946814 -0.18022494838296 -0.095389904072812 -0.0080486819317679 -0.035547751273090 -0.28079014882405 -0.082435890081677 0.010832427979006 -0.0067073993161097 -0.0046827907600524 -0.028359911832177 0.019500174744098 -0.21609137507166 0.43772794926972 -0.22130790113593 0.015190198857331 -0.015380948953300
4	0.63596780450714 -1.7377981785459 0.28914060926272 -0.33714276845694 0.022405964699561 0.015715424886913 0.11450634253745 1.0612049379745 -1.2855224439423 0.39414630777652 0.31390924682041 -0.021592277117247 -0.21723666564905 -0.28999574439489 0.42321173025732 0.046434100259260 -0.13138398329741 0.011492850364368 -0.033387688429909 0.015183171583644 -0.0047610805647657 0.046917166277885 -0.039401755804649 -0.0032569956247611
5	1.0403973107358 -2.8318404081403 0.84393809606294 -0.076559591850023 0.094697373057280 0.00024796475497006 0.27743760422870 -0.043846000648377 -0.26991064784350 -0.069313413089860 -0.029632145981653 0.014040126751380
6	1.0626277411455 -2.8620951828350 0.88738233403777 -0.12570581155345 0.10286308708106 0.00025358040602654 0.32325200233982 -0.037950761057432 -0.32534802014452 -0.079050969051011 -0.020636720547775 0.0057053809334750
7	1.0429331589100 -2.8184272548892 0.86176232397850 -0.10613619452487 0.098615749302134 0.00023948208682322 0.30330004856950 -0.041598156135099 -0.29991937470058 -0.080369342764109 -0.029761373251151 0.013059630303140
8	1.0968643098001 -2.998888298061 0.99516886799212 -0.16170708558539 0.11334460072775 0.00026760595150748 0.40979881986931 -0.040876423083075 -0.38169482469447 -0.10931956843993 -0.032073223327990 0.016877016216975
9	1.0963 -3.0402 1.10317 -0.15410 0.11535 0.00029809 0.39571 -0.045881 -0.35804 -0.10107 -0.035484 0.018156
10	1.0553238013661 -2.6120615890629 0.76613882967260 -0.29770320622459 0.11879907733358 0.00027922861062617 0.46347589844105 0.011433196980297 -0.48256968738131 -0.093750558924659 -0.0067273247155994 -0.0051141583585428
11	1.0543747645262 -2.6500681506144 0.81730047827543 -0.30451391253428 0.12253868710800 0.00027266472743928 0.49865825681670 -0.00071432815084176 -0.54236895525450 -0.13801821610756 -0.0061595287380011 0.00048602510393022
12	1.0722544875633 -2.4632951172003 0.65386674054928 -0.36324974085628 0.12713269626764 0.00030713572777930 0.52656856987540 0.019362862857653 -0.58939426849155 -0.14069963991934 -0.0078966330500036 0.0033036597968109
13	1.1151 -2.7020 0.83416 -0.38828 0.13760 0.00028185 0.62037 0.015847 -0.61726 -0.15043 -0.012982 0.0044325
14	1.0461 -2.4807 0.74372 -0.52579 0.15315 0.00032865 0.84178 0.055424 -0.73555 -0.18507 -0.020775 0.012335
15	5.3579928451252 -6.2050252530595 0.13830241327086 -0.071397954896129 0.015474053959733 -0.14976806405771 -0.026368723988451 0.056681303156066 -0.060063958030436 -0.45043942026132 0.42478840244500 -0.021997640827139 -0.010499521374530 -0.0028955902866816
16	0.88878286369701 -2.4879433312148 0.59750190775886 0.0096501817061881 0.071970428712770 0.00022337443000195 0.18558686391474 -0.038129368035760 -0.15352245383006 -0.026726814910919 -0.025675298677127 0.0095714302123668
17	0.90554 -2.4515 0.53149 0.024173 0.072156 0.00018818 0.19405 -0.043268 -0.12778 -0.027896 -0.034154 0.016329
18	0.82728408749586 -1.8602220416584 -0.11199009613744 0.15635753977056 0.87375844859025 -0.36674403715731 0.053987893432436 1.0957690214499 0.053213037828563 0.013050533930825 -0.41079520434476 0.14637443344120 -0.055726837623719 -0.011201774143800 -0.0066062758068099 0.0046918522004538
19	0.87641 -2.0367 0.21634 -0.050199 0.066994 0.00019076 0.20227 -0.0045348 -0.22230 -0.034714 -0.014885 0.0074154
20	-0.45579024006737 1.2516390754925 -1.5438231650621 0.020467489707221 -0.34476212380781 -0.020858459512787 0.016227414711778 -0.057471818200892 0.019462416430715 -0.033295680123020 -0.010863577372367 -0.022173365245954
21	0.85095714803969 -2.4003222943480 0.54127841476466 0.016919770692538 0.068825965019035 0.00021428032815338 0.17429895321992 -0.033654495604194 -0.13526799857691 -0.016387350791552 -0.024987666851475 0.0088769204815709
