1	0.125 1.125 0.375 1.125 0.625 1.500 0.625 2.625 2.750 2.125 2.000 1.750 4.500 4.750 5.000 4.000 4.500 7.500 14.000 11.500 26.000 28.000 30.000 16.000
2	0.125 1.125 0.375 1.125 0.625 1.500 0.625 2.625 2.750 2.125 2.000 1.750 4.500 4.750 5.000 4.000 4.500 7.500 14.000 11.500 26.000 28.000 30.000 16.000
3	0.000 1.250 1.625 0.375 0.375 1.375 1.125 1.375 0.125 1.625 3.750 3.500 7.500 8.000 6.000 16.000 11.000 24.000 26.000 28.000 24.000 26.000
4	0.125 1.125 0.375 1.125 0.625 1.500 0.625 2.625 2.750 2.125 2.000 1.750 4.500 4.750 5.000 4.000 4.500 7.500 14.000 11.500 26.000 28.000 30.000 16.000
5	0.250 1.125 1.500 1.375 0.250 0.875 0.625 1.750 3.625 3.625 14.500 12.000
6	0.250 1.125 1.500 1.375 0.250 0.875 0.625 1.750 3.625 3.625 14.500 12.000
7	0.250 1.125 1.500 1.375 0.250 0.875 0.625 1.750 3.625 3.625 14.500 12.000
8	0.250 1.125 1.500 1.375 0.250 0.875 0.625 1.750 3.625 3.625 14.500 12.000
9	0.250 1.125 1.500 1.375 0.250 0.875 0.625 1.750 3.625 3.625 14.500 12.000
10	0.250 1.125 1.500 1.375 0.250 0.875 0.625 1.750 3.625 3.625 14.500 12.000
11	0.250 1.125 1.500 1.375 0.250 0.875 0.625 1.750 3.625 3.625 14.500 12.000
12	0.250 1.125 1.500 1.375 0.250 0.875 0.625 1.750 3.625 3.625 14.500 12.000
13	0.250 1.125 1.500 1.375 0.250 0.875 0.625 1.750 3.625 3.625 14.500 12.000
14	0.250 1.125 1.500 1.375 0.250 0.875 0.625 1.750 3.625 3.625 14.500 12.000
15	0.500 0.625 0.375 0.625 1.125 2.625 0.000 0.250 1.375 4.000 4.250 5.000 8.000 8.000
16	0.250 1.125 1.500 1.375 0.250 0.875 0.625 1.750 3.625 3.625 14.500 12.000
17	0.250 1.125 1.500 1.375 0.250 0.875 0.625 1.750 3.625 3.625 14.500 12.000
18	0.500 1.250 1.875 0.125 1.500 1.000 0.750 1.500 0.625 2.625 5.000 4.000 4.500 3.000 4.000 6.000
19	0.250 1.125 1.500 1.375 0.250 0.875 0.625 1.750 3.625 3.625 14.500 12.000
20	0.000 0.125 0.750 1.000 0.750 2.625 0.125 1.250 2.000 1.000 4.500 5.000
21	0.250 1.125 1.500 1.375 0.250 0.875 0.625 1.750 3.625 3.625 14.500 12.000
